Cpptraj Generated trajectory                                                    
  17.610  38.080  44.420  18.000  37.290  43.790  18.010  37.370  42.700  17.330
  36.450  43.990  19.380  36.970  44.220  19.650  36.000  44.860  20.250  37.930
  43.880  19.860  38.790  43.510  21.710  37.820  43.890  22.040  38.730  43.380
  22.190  37.920  45.360  21.610  37.260  46.000  23.190  37.480  45.370  22.180
  39.330  45.860  21.130  39.650  45.810  22.580  39.330  46.870  23.240  40.430
  44.990  24.800  39.640  45.040  25.050  38.970  44.220  25.520  40.460  45.070
  24.960  39.030  45.940  22.350  36.620  43.110  21.590  35.690  42.710  23.660
  36.540  42.850  24.220  37.360  43.010  24.450  35.420  42.270  24.300  34.520
  42.860  24.040  35.180  40.820  24.670  34.500  40.250  23.010  34.820  40.790
  24.080  36.480  40.020  25.130  37.110  39.820  22.950  36.840  39.550  22.840
  37.770  39.180  22.080  36.370  39.780  25.920  35.940  42.300  26.180  37.130
  42.590  26.870  35.060  41.930  26.530  34.110  41.930  28.340  35.450  41.990
  28.400  35.860  43.000  29.210  34.280  41.720  29.000  33.460  42.410  29.060
  33.660  40.330  29.270  34.460  39.620  29.780  32.840  40.280  28.070  33.240
  40.120  30.700  34.670  41.870  31.400  33.900  41.550  31.040  35.410  41.140
  31.080  35.120  43.320  30.710  34.320  43.950  32.160  35.250  43.410  30.620
  36.060  43.630  28.610  36.620  41.080  29.430  37.480  41.540  27.930  36.850
  39.960  27.290  36.110  39.710  28.180  38.020  39.080  29.260  38.030  38.940
  27.570  37.810  37.740  26.490  37.650  37.740  27.750  38.630  37.040  28.130
  36.620  36.920  27.490  35.410  36.910  26.650  35.190  37.550  28.000  34.350
  36.100  27.510  33.400  36.180  29.140  34.470  35.390  29.670  33.690  34.870
  29.740  35.760  35.380  30.610  35.930  34.760  29.290  36.820  36.170  29.670
  37.830  36.160  27.820  39.280  39.750  28.470  40.320  39.640  26.650  39.320
  40.380  26.140  38.450  40.430  26.180  40.490  41.120  26.180  41.380  40.490
  24.680  40.200  41.390  24.460  39.200  41.750  24.430  40.770  42.280  23.800
  40.600  40.210  23.900  41.680  40.090  24.130  40.120  39.290  22.350  40.250
  40.480  21.780  40.500  41.600  21.660  39.770  39.530  27.060  40.740  42.390
  27.310  41.890  42.690  27.700  39.700  42.980  27.490  38.790  42.610  28.530
  39.810  44.170  27.910  40.380  44.870  28.740  38.410  44.690  27.750  37.950
  44.760  29.400  37.880  44.010  29.200  38.430  46.160  30.020  39.140  46.200
  28.370  38.710  46.820  29.840  36.790  46.720  30.030  36.990  48.580  29.090
  37.350  49.000  30.350  36.090  49.100  30.740  37.790  48.800  29.870  40.440
  43.840  30.260  41.460  44.400  30.590  39.870  42.910  30.410  38.970  42.490
  31.850  40.480  42.520  32.530  40.730  43.340  32.550  39.490  41.580  31.730
  39.050  41.010  33.230  40.130  41.020  33.310  38.380  42.350  32.650  37.910
  43.080  33.770  37.300  41.410  34.330  37.840  40.650  34.350  36.540  41.940
  32.910  36.750  41.040  34.570  38.930  42.940  34.410  39.810  43.560  34.980
  38.160  43.580  35.220  39.230  42.110  31.620  41.820  41.740  32.550  42.700
  41.810  30.480  42.040  41.010  29.760  41.350  41.090  30.180  43.300  40.420
  31.060  43.570  39.840  29.000  43.220  39.450  29.210  42.570  38.610  28.220
  42.770  40.060  28.390  44.460  39.010  27.520  44.110  38.450  28.030  45.070
  39.840  29.430  45.220  38.120  30.370  45.320  38.660  29.630  44.620  37.230
  28.940  46.510  37.670  28.340  46.470  36.860  29.120  47.710  38.290  29.820
  47.830  39.370  30.260  46.990  39.710  29.620  48.630  39.960  28.570  48.830
  37.920  28.070  48.830  37.050  28.750  49.700  38.400  30.090  44.480  41.460
  30.710  45.550  41.250  29.470  44.190  42.620  29.090  43.260  42.750  29.390
  45.070  43.780  28.910  45.980  43.400  28.530  44.480  44.880  28.770  43.420
  44.830  28.790  44.860  46.310  28.970  45.930  46.350  28.020  44.710  47.060
  29.740  44.410  46.600  26.990  44.620  44.550  26.660  45.610  44.860  26.890
  44.450  43.480  26.040  43.710  45.290  25.980  44.120  46.300  25.130  43.790
  44.700  26.390  42.680  45.260  30.800  45.360  44.290  31.190  46.530  44.360
  31.620  44.350  44.630  31.350  43.380  44.480  32.920  44.480  45.280  32.700
  45.180  46.090  33.310  43.100  45.840  33.390  42.440  44.980  34.360  43.160
  46.150  32.490  42.380  46.850  31.830  43.130  47.570  32.800  41.210  47.130
  34.060  44.920  44.350  34.850  45.770  44.790  34.070  44.610  43.110  33.490
  43.830  42.810  35.080  44.890  42.090  35.990  45.160  42.620  35.420  43.730
  41.120  34.530  43.490  40.530  36.220  44.130  40.510  35.910  42.440  41.790
  35.390  42.210  42.710  35.800  41.530  41.200  37.380  42.490  42.190  38.000
  43.570  42.110  38.040  41.490  42.640  34.780  46.110  41.200  35.590  46.510
  40.370  33.550  46.680  41.400  32.920  46.130  41.960  33.170  47.920  40.630
  32.160  48.270  40.850  33.800  48.800  40.770  33.150  47.680  39.110  32.870
  46.580  38.680  33.260  48.750  38.280  33.530  49.630  38.690  33.270  48.660
  36.810  33.960  47.860  36.570  31.860  48.440  36.190  31.490  47.460  36.500
  31.180  49.240  36.480  31.950  48.580  34.660  32.520  49.470  34.390  32.530
  47.290  34.020  31.900  46.410  34.120  32.760  47.460  32.970  33.510  46.990
  34.410  30.470  48.690  34.130  29.970  49.430  34.760  30.560  48.970  33.080
  29.940  47.770  34.340  34.050  49.910  36.370  33.610  51.040  36.710  35.190
  49.760  35.760  35.470  48.850  35.450  35.950  50.890  35.250  35.360  51.800
  35.230  37.130  51.260  36.160  37.750  50.410  36.430  37.770  52.010  35.700
  36.650  51.790  37.560  35.990  52.660  37.480  36.050  50.990  38.000  37.860
  52.180  38.430  37.540  52.260  39.460  38.620  51.400  38.390  38.480  53.420
  37.940  38.010  54.030  37.290  39.580  53.950  38.510  40.230  53.290  39.400
  39.890  52.460  39.880  41.180  53.590  39.540  40.120  55.120  38.270  39.740
  55.670  37.510  40.920  55.330  38.850  36.490  50.500  33.830  37.100  49.440
  33.620  36.260  51.290  32.790  35.640  52.060  32.990  36.590  50.960  31.390
  36.510  49.880  31.290  35.510  51.530  30.480  35.540  52.620  30.560  35.750
  51.130  29.500  34.090  51.010  30.780  33.870  51.410  31.770  33.120  51.510
  29.700  33.360  51.060  28.750  32.100  51.220  29.950  33.260  52.590  29.740
  33.930  49.470  30.800  34.660  48.880  31.340  32.890  49.190  31.010  34.110
  49.210  29.750  38.050  51.270  30.860  38.530  50.600  29.950  38.710  52.300
  31.430  38.240  52.910  32.080  40.100  52.510  31.200  40.370  52.180  30.190
  40.330  54.090  31.320  40.230  54.300  32.380  41.290  54.480  30.980  39.260
  55.050  30.720  39.400  54.970  29.640  38.290  54.730  31.120  39.550  56.450
  31.270  39.230  56.450  32.310  40.610  56.680  31.240  38.750  57.520  30.510
  38.980  57.520  29.450  37.720  57.180  30.670  38.930  58.870  31.090  39.900
  59.140  31.200  38.440  59.560  30.530  38.420  58.940  31.960  41.010  51.740
  32.200  40.580  51.190  33.180  42.330  51.560  31.910  42.730  51.880  31.040
  43.260  50.810  32.780  42.800  49.850  33.010  44.630  50.590  32.130  44.870
  51.510  31.600  45.780  50.260  33.100  45.580  49.340  33.650  46.770  50.210
  32.650  45.880  51.110  33.760  44.500  49.490  31.110  44.370  48.540  31.630
  43.760  49.730  30.350  45.760  49.250  30.190  46.530  48.820  30.830  45.570
  48.530  29.400  46.080  50.180  29.730  43.420  51.570  34.110  43.640  52.830
  34.180  43.210  50.810  35.220  43.030  49.820  35.110  43.420  51.290  36.560
  43.930  52.260  36.530  41.990  51.490  37.190  42.040  52.110  38.080  41.420
  52.070  36.460  41.220  50.240  37.520  41.410  49.460  38.710  42.040  49.760
  39.540  40.650  48.370  38.980  40.770  47.840  39.910  39.750  47.860  38.010
  38.950  46.770  38.330  38.810  46.700  39.280  39.530  48.600  36.820  38.780
  48.230  36.130  40.330  49.700  36.590  40.150  50.380  35.780  44.290  50.390
  37.440  44.450  49.220  37.100  44.750  50.830  38.660  44.390  51.720  38.970
  45.470  50.060  39.680  46.000  49.240  39.180  46.510  50.880  40.330  46.120
  51.720  40.900  46.940  50.230  41.090  47.570  51.400  39.350  47.910  50.670
  38.620  47.070  52.240  38.870  48.880  51.990  40.020  48.550  52.660  40.810
  49.330  51.050  40.370  49.880  52.720  39.040  50.010  52.050  38.190  49.580
  53.740  38.810  51.120  52.840  39.760  51.410  51.950  40.150  51.940  53.080
  39.220  50.990  53.500  40.520  44.630  49.470  40.750  43.780  50.180  41.260
  44.770  48.150  41.040  45.480  47.700  40.470  44.030  47.430  42.100  42.970
  47.670  42.080  44.030  45.930  41.760  43.180  45.520  42.320  43.860  45.850
  40.680  45.280  45.130  42.340  46.250  45.820  42.640  45.200  43.940  42.590
  44.530  47.760  43.490  45.440  48.660  43.550  43.970  47.200  44.530  43.200
  46.550  44.440  44.300  47.500  45.930  44.280  48.590  46.030  43.380  46.960
  46.930  42.390  46.970  46.460  43.710  45.490  47.240  42.820  44.950  47.590
  44.160  45.050  46.350  44.410  45.470  48.080  43.360  47.730  48.150  43.120
  48.630  47.920  45.770  47.200  46.310  46.310  47.910  47.180  46.470  46.210
  45.740  46.020  45.640  45.050  47.890  46.020  45.890  48.130  46.170  46.940
  48.260  44.590  45.390  47.960  44.590  44.340  49.340  44.450  45.350  47.570
  43.520  46.190  46.480  43.530  46.190  47.770  42.540  45.760  48.010  43.650
  47.640  49.190  43.400  48.030  47.200  44.070  48.500  48.730  47.030  45.080
  49.820  47.420  45.480  48.220  47.420  43.930  47.280  47.100  43.730  48.800
  48.370  43.030  48.250  49.310  43.090  49.860  48.460  43.260  48.800  47.910
  41.580  49.220  48.600  40.650  48.430  46.650  41.350  47.930  46.250  42.140
  48.600  45.990  40.020  49.650  46.110  39.740  48.500  44.500  40.240  47.460
  44.280  40.480  48.720  44.040  39.280  49.330  43.820  41.250  50.680  44.090
  41.330  51.180  44.780  40.680  51.470  43.380  42.300  52.540  43.480  42.370
  50.850  42.390  43.100  51.660  41.660  43.870  52.470  42.110  44.090  49.490
  42.210  43.080  49.020  41.490  43.730  48.720  42.960  42.160  47.650  43.010
  42.310  47.670  46.550  38.910  46.480  46.920  39.110  48.080  46.570  37.610
  48.930  46.100  37.350  47.210  47.140  36.530  46.660  47.990  36.930  48.090
  47.490  35.350  48.560  46.570  35.020  47.470  47.800  34.510  49.150  48.600
  35.570  50.480  48.360  35.290  50.790  47.380  34.970  51.410  49.470  35.160
  52.400  49.220  34.820  50.930  50.760  35.410  51.770  51.850  35.290  52.650
  51.540  35.530  49.630  50.980  35.860  49.310  52.010  35.930  48.720  49.900
  35.890  47.680  50.100  36.100  46.220  46.120  36.150  46.400  44.920  36.120
  45.020  46.690  35.940  44.870  47.680  36.090  43.710  45.950  35.940  43.830
  44.920  35.590  43.210  45.960  37.410  42.980  46.970  37.760  41.950  45.240
  37.710  42.090  44.180  37.540  41.610  45.600  38.690  41.140  45.540  37.040
  44.160  45.360  38.250  44.930  45.910  38.420  42.770  46.710  35.000  43.040
  47.830  34.540  41.550  46.180  34.670  41.380  45.240  35.010  40.510  46.840
  33.880  40.220  47.760  34.380  40.860  46.810  32.360  41.930  47.040  32.340
  40.570  45.460  31.670  39.520  45.200  31.700  40.890  45.370  30.630  41.160
  44.760  32.270  40.220  47.960  31.560  39.200  47.600  31.460  40.350  48.900
  32.100  40.870  48.290  30.230  40.680  47.500  29.500  40.450  49.210  29.810
  41.950  48.350  30.350  39.190  46.090  34.110  39.160  44.980  34.610  38.050
  46.740  33.810  38.110  47.730  33.610  36.790  46.130  33.710  36.110  46.750
  33.120  36.860  45.070  33.440  36.080  46.090  35.060  36.170  47.000  35.850
  35.620  44.870  35.340  35.550  44.230  34.570  35.260  44.400  36.680  35.030
  45.310  37.250  33.920  43.570  36.620  34.140  42.690  36.020  33.430  43.160
  38.000  33.380  44.070  38.590  32.510  42.560  37.970  34.290  42.640  38.410
  32.720  44.290  35.890  32.300  45.060  36.550  33.030  44.650  34.910  31.550
  43.290  35.530  30.820  43.620  34.800  31.990  42.380  35.130  30.950  43.120
  36.420  36.490  43.560  37.290  36.350  42.360  37.550  37.660  44.170  37.510
  37.740  45.150  37.240  38.750  43.490  38.280  39.470  44.290  38.460  38.380
  43.140  39.250  39.520  42.370  37.570  39.920  41.460  38.270  39.650  42.460
  36.250  39.240  43.280  35.830  40.460  41.620  35.430  40.370  40.600  35.790
  39.980  41.660  33.900  38.980  41.240  33.880  39.850  42.650  33.460  40.920
  40.870  33.010  40.910  39.510  32.660  42.070  39.270  31.930  42.360  38.340
  31.470  42.800  40.440  31.810  43.770  40.480  31.550  42.130  41.360  32.570
  42.480  42.350  32.840  41.910  42.090  35.630  42.360  43.080  35.020  42.660
  41.420  36.490  42.230  40.590  36.870  44.160  41.620  36.700  44.230  42.640
  37.080  44.560  40.670  37.870  43.980  40.810  38.780  44.440  39.610  37.650
  46.070  40.790  38.270  46.770  40.640  37.450  46.480  42.120  38.800  45.900
  42.310  39.710  47.510  42.060  39.150  46.300  42.990  38.170  46.480  39.810
  39.470  45.930  40.110  40.360  46.230  38.790  39.180  47.560  39.830  39.630
  44.990  41.490  35.420  45.120  40.340  34.940  45.480  42.560  34.860  45.420
  43.430  35.370  46.150  42.560  33.570  45.700  41.800  32.940  46.180  43.880
  32.860  46.680  44.650  33.430  46.830  43.750  32.000  44.800  44.430  32.370
  44.040  44.200  33.110  44.870  45.940  32.180  45.740  46.280  31.620  44.020
  46.360  31.650  44.820  46.410  33.160  44.480  43.810  31.010  44.520  42.730
  31.150  43.500  44.040  30.580  45.170  44.080  30.200  47.600  42.140  33.770
  48.200  41.420  32.990  48.290  42.700  34.720  47.890  43.430  35.290  49.700
  42.400  35.040  49.970  41.340  35.020  50.640  42.980  33.950  50.460  42.500
  32.990  50.620  44.500  33.750  50.830  44.880  34.760  51.300  44.810  32.960
  49.610  44.760  33.440  51.950  42.560  34.320  52.250  41.870  33.720  50.130
  42.980  36.420  49.670  44.020  36.850  51.130  42.360  37.130  51.470  41.520
  36.680  51.850  42.770  38.390  51.030  43.310  38.860  52.250  41.560  39.270
  52.980  40.870  38.860  52.760  41.990  40.140  51.060  40.710  39.770  50.270
  41.350  40.170  50.600  40.210  38.920  51.390  39.700  40.820  52.190  39.100
  40.370  51.860  40.240  41.640  50.210  38.800  41.220  49.500  39.410  41.780
  49.740  38.380  40.330  50.570  37.730  42.170  50.910  38.110  43.030  49.810
  37.160  42.510  51.210  37.060  41.760  53.110  43.650  38.100  53.690  44.220
  39.030  53.470  43.870  36.830  53.060  43.290  36.110  54.580  44.740  36.390
  55.490  44.420  36.900  54.910  44.420  34.930  55.160  43.360  34.830  54.020
  44.540  34.320  55.990  45.140  34.470  56.140  44.880  33.560  54.250  46.240
  36.530  53.080  46.620  36.370  55.290  47.130  36.800  56.660  46.790  37.300
  57.180  46.190  36.550  56.660  46.420  38.320  57.320  48.090  37.360  57.670
  48.430  36.380  58.130  48.010  38.080  56.130  49.050  37.790  56.470  50.070
  37.610  55.930  48.890  38.850  54.950  48.570  36.910  54.020  48.840  37.410
  54.840  49.220  35.570  54.390  50.370  35.580  55.170  48.550  34.450  55.600
  47.640  34.540  55.110  49.180  33.060  55.520  50.190  33.080  56.020  48.450
  32.110  57.010  48.540  32.540  55.720  47.400  32.170  56.010  49.070  30.690
  55.880  50.310  30.530  56.190  48.290  29.690  53.660  49.220  32.510  52.970
  48.200  32.200  53.150  50.460  32.270  53.660  51.270  32.590  51.850  50.670
  31.660  50.990  50.270  32.190  51.560  52.180  31.570  51.520  52.690  32.540
  52.350  52.660  30.990  50.210  52.560  30.890  50.180  52.180  29.870  49.080
  52.080  31.760  49.190  52.430  32.790  48.150  52.510  31.400  49.080  51.000
  31.850  50.080  54.070  30.750  50.980  54.560  30.370  49.240  54.330  30.110
  49.760  54.450  31.720  51.830  50.060  30.210  50.770  49.620  29.820  52.940
  50.020  29.460  53.740  50.420  29.920  52.950  49.520  28.080  52.180  49.820
  27.370  54.280  49.860  27.420  55.090  49.420  28.000  54.280  49.440  26.410
  54.330  51.390  27.450  53.450  52.070  27.000  55.480  51.900  27.930  55.660
  52.890  27.970  56.080  51.190  28.340  52.790  47.980  28.170  52.010  47.530
  27.390  53.290  47.290  29.220  53.840  47.810  29.890  53.100  45.840  29.420
  53.390  45.370  28.480  54.040  45.220  30.490  53.910  45.780  31.410  54.040
  44.140  30.580  55.060  45.340  30.110  51.640  45.510  29.750  51.070  44.680
  29.070  50.960  46.390  30.590  51.530  47.080  31.050  49.540  46.380  30.870
  49.240  45.420  31.300  49.350  47.440  31.900  49.680  48.450  31.670  48.290
  47.580  32.050  49.810  47.140  32.840  48.700  46.650  29.630  47.680  45.940
  29.540  49.250  47.480  28.710  50.000  48.120  28.920  48.510  47.700  27.480
  47.460  47.570  27.740  48.880  49.080  26.860  49.970  49.080  26.910  48.570
  49.110  25.810  48.430  50.280  27.660  47.380  50.170  27.920  49.030  50.260
  28.570  48.510  51.630  26.910  49.490  51.620  26.430  47.780  51.600  26.110
  48.180  52.870  27.770  47.580  52.480  28.590  49.070  53.400  28.100  47.370
  53.840  27.010  47.780  54.050  26.100  46.400  53.570  26.930  47.360  54.670
  27.580  48.770  46.530  26.510  47.900  46.290  25.670  49.800  45.720  26.630
  50.420  45.730  27.430  50.090  44.610  25.640  49.690  44.870  24.660  51.590
  44.320  25.690  52.090  45.250  25.420  51.750  44.010  26.730  52.030  43.280
  24.710  51.860  42.420  25.090  49.260  43.440  26.150  48.640  42.710  25.370
  49.220  43.110  27.470  49.610  43.840  28.040  48.230  42.120  27.980  48.450
  41.250  27.360  48.570  41.750  29.520  48.530  42.650  30.130  47.870  41.010
  29.930  50.000  41.230  29.800  50.650  42.080  29.560  50.150  40.930  30.840
  50.500  40.060  28.980  49.940  38.960  29.070  51.510  40.270  28.260  46.740
  42.400  27.790  46.010  41.410  27.750  46.290  43.700  27.620  46.850  44.530
  27.780  44.940  44.050  27.320  44.170  43.530  27.900  44.600  45.550  27.540
  44.950  45.750  28.550  45.250  46.220  26.980  43.190  46.080  27.390  42.810
  45.980  26.370  42.250  45.310  28.280  42.470  45.630  29.300  41.280  45.660
  27.920  42.300  44.230  28.190  43.180  47.560  27.690  43.980  48.100  27.190
  42.240  48.030  27.420  43.410  47.680  28.750  44.570  43.660  25.890  43.600
  42.960  25.550  45.400  44.140  24.990  46.130  44.760  25.300  45.320  43.930
  23.560  44.380  44.350  23.190  46.550  44.490  22.870  47.480  44.060  23.270
  46.500  44.120  21.850  46.580  46.010  22.740  45.650  46.670  23.210  47.490
  46.600  22.160  45.380  42.460  23.260  44.730  41.970  22.350  46.140  41.650
  23.910  46.870  42.110  24.420  46.120  40.190  23.920  46.010  39.860  22.890
  47.390  39.650  24.520  48.280  39.990  23.980  47.520  39.980  25.550  47.310
  38.080  24.530  46.680  37.800  25.370  46.830  37.740  23.620  48.700  37.410
  24.700  48.660  36.320  24.750  49.260  37.750  23.830  49.390  37.950  25.960
  50.350  37.430  25.870  49.560  39.020  25.850  48.690  37.480  27.250  48.610
  36.480  27.420  49.240  37.790  28.040  47.750  37.730  27.520  44.800  39.740
  24.530  44.310  38.780  23.960  44.310  40.360  25.630  44.900  41.020  26.110
  43.080  39.810  26.220  43.270  38.750  26.420  42.770  40.440  27.610  42.480
  41.470  27.400  41.910  39.920  28.020  43.640  40.420  28.270  41.900  39.950
  25.250  41.110  39.050  25.120  41.730  41.140  24.690  42.460  41.820  24.830
  40.520  41.390  23.940  39.720  40.780  24.370  40.260  42.910  24.040  41.170
  43.360  23.650  39.110  43.430  23.100  38.150  43.220  23.570  39.220  44.490
  22.910  39.060  43.010  22.090  40.020  43.420  25.470  41.020  43.330  25.890
  39.750  44.470  25.430  38.980  42.760  26.340  39.340  41.750  26.540  38.660
  43.380  27.180  38.070  42.660  25.740  40.720  40.950  22.520  39.720  40.520
  21.880  41.970  41.030  21.980  42.810  41.160  22.530  42.310  40.490  20.580
  43.160  39.820  20.700  41.530  39.890  20.100  42.380  41.650  19.550  42.330
  41.380  18.400  42.540  42.920  19.910  42.540  43.130  20.900  42.770  44.100
  19.070  43.350  43.840  18.180  41.440  44.720  18.750  41.610  45.510  18.020
  40.810  44.020  18.190  40.680  45.340  19.990  40.720  44.680  20.850  41.180
  46.230  20.380  39.280  45.770  19.700  39.330  46.610  19.010  38.820  44.860
  19.330  38.670  46.250  20.960  37.940  45.820  21.500  38.900  47.350  21.600
  39.580  48.330  21.030  40.000  48.280  20.110  39.740  49.120  21.640  38.430
  47.710  22.770  37.870  47.100  23.350  38.760  48.550  23.220  43.640  45.120
  19.850  43.580  45.120  21.070  44.270  46.050  19.150  44.400  45.870  18.160
  44.780  47.320  19.740  45.600  47.080  20.430  45.400  48.120  18.600  44.650
  48.440  17.890  45.830  49.030  19.020  46.520  47.440  17.810  46.830  46.240
  17.910  46.940  48.240  16.810  47.580  47.910  16.100  46.670  49.210  16.940
  43.650  48.140  20.490  42.810  48.740  19.850  43.690  48.130  21.820  44.390
  47.560  22.270  42.690  48.840  22.640  41.750  48.900  22.100  42.300  47.960
  23.800  43.190  47.850  24.420  41.500  48.460  24.350  41.640  46.250  23.370
  42.520  46.100  22.390  43.130  50.240  23.150  42.370  50.930  23.820  44.450
  50.540  22.990  44.990  49.860  22.480  45.200  51.630  23.660  46.220  51.270
  23.660  45.290  52.880  22.760  44.350  53.440  22.670  46.050  53.540  23.170
  45.680  52.650  21.270  44.950  53.040  20.320  46.900  52.300  20.990  47.120
  52.240  20.000  47.480  52.080  21.780  44.910  51.810  25.130  45.160  52.980
  25.570  44.560  50.820  25.950  44.540  49.870  25.600  44.250  51.040  27.380
  44.470  50.120  27.930  44.930  51.750  27.830  42.800  51.420  27.700  42.600
  51.780  28.830  41.800  51.260  26.780  42.050  50.870  25.880  40.310  51.390
  27.060  40.140  51.230  28.130  39.750  52.800  26.850  39.590  52.880  25.780
  38.390  52.970  27.510  38.370  52.980  28.600  37.990  53.920  27.150  37.660
  52.230  27.160  40.750  53.850  27.330  41.580  53.770  26.630  40.210  54.800
  27.370  41.130  53.620  28.320  39.510  50.310  26.350  39.800  49.980  25.220
  38.500  49.780  26.950  38.160  50.200  27.800  37.600  48.740  26.440  37.690
  48.540  25.370  37.780  47.450  27.250  36.980  46.780  26.940  39.120  46.780
  26.810  39.870  47.360  27.350  39.160  45.770  27.200  39.230  46.700  25.730
  37.630  47.610  28.750  38.460  48.260  29.070  36.720  48.090  29.120  37.750
  46.250  29.450  38.780  45.920  29.530  37.410  46.450  30.470  37.190  45.490
  28.900  36.100  49.220  26.580  35.780  50.030  27.430  35.160  48.620  25.860
  35.460  47.900  25.210  33.720  48.750  26.140  33.610  49.800  26.400  32.790
  48.440  24.970  31.770  48.680  25.290  33.090  49.300  23.700  34.120  49.190
  23.350  32.470  48.870  22.920  32.780  50.340  23.810  32.820  47.060  24.670
  32.510  47.040  23.770  33.340  47.970  27.340  33.900  46.960  27.780  32.170
  48.350  27.890  31.740  49.190  27.540  31.420  47.470  28.850  32.010  47.420
  29.770  30.060  48.130  29.080  30.150  49.200  29.270  29.510  48.120  28.140
  29.180  47.410  30.130  28.810  46.450  29.780  29.790  47.280  31.030  27.880
  48.300  30.480  28.120  49.320  30.780  27.330  48.500  29.560  27.040  47.590
  31.520  26.960  46.560  31.170  27.470  47.680  32.520  25.620  48.100  31.560
  25.050  47.350  31.930  25.550  48.940  32.110  25.310  48.230  30.600  31.230
  46.080  28.360  31.630  45.150  29.110  30.730  45.910  27.120  30.390  46.720
  26.630  30.600  44.540  26.690  29.820  44.130  27.330  30.100  44.450  25.250
  30.920  44.690  24.570  29.850  43.400  25.070  28.850  45.270  24.820  28.390
  46.050  25.670  28.220  45.080  23.760  31.840  43.690  26.720  31.800  42.450
  26.900  32.990  44.280  26.460  32.960  45.280  26.340  34.340  43.620  26.500
  34.260  42.650  26.020  35.370  44.500  25.850  35.380  45.520  26.250  36.320
  44.030  26.110  35.100  44.550  24.340  35.410  43.600  23.900  34.060  44.740
  24.080  36.050  45.600  23.620  36.560  46.560  24.300  36.210  45.420  22.400
  34.730  43.290  27.970  35.100  42.180  28.230  34.440  44.230  28.940  34.020
  45.070  28.580  34.520  44.100  30.390  35.550  43.800  30.590  34.080  45.400
  31.090  33.080  45.630  30.720  34.000  45.150  32.150  34.770  46.220  30.940
  33.680  42.950  30.920  34.090  42.090  31.690  32.510  42.780  30.400  32.160
  43.410  29.690  31.580  41.770  30.830  31.640  41.730  31.920  30.110  42.090
  30.520  29.990  42.310  29.460  29.620  41.120  30.580  29.540  43.240  31.390
  29.860  43.070  32.410  30.020  44.190  31.170  27.980  43.360  31.250  27.340
  42.810  30.320  27.440  43.990  32.140  31.990  40.390  30.330  31.660  39.340
  30.920  32.620  40.260  29.130  32.780  41.140  28.670  33.040  38.920  28.610
  32.380  38.090  28.850  33.390  38.910  27.110  32.530  39.250  26.520  34.250
  39.560  26.980  33.800  37.530  26.590  34.750  37.260  27.060  33.050  36.800
  26.910  34.100  37.420  25.060  33.110  37.210  24.660  34.480  38.350  24.630
  35.110  36.300  24.890  36.100  36.570  25.250  34.780  35.400  25.420  35.180
  36.020  23.460  35.350  36.820  22.870  35.820  35.290  23.160  34.310  35.670
  23.090  34.320  38.560  29.460  34.480  37.450  29.910  35.190  39.550  29.810
  35.000  40.490  29.480  36.290  39.380  30.750  36.900  38.580  30.350  37.190
  40.630  31.050  36.530  41.440  31.340  37.830  40.560  31.930  38.060  41.040
  29.850  37.450  41.230  28.970  38.930  42.250  30.120  39.720  41.950  30.800
  39.520  42.390  29.210  38.380  43.100  30.520  38.970  39.910  29.300  38.370
  39.200  28.730  39.770  40.260  28.650  39.420  39.390  30.140  35.830  38.900
  32.110  36.450  37.950  32.610  34.690  39.380  32.600  34.400  40.240  32.160
  34.090  38.910  33.780  34.880  38.880  34.530  33.070  39.990  34.180  33.500
  40.990  34.130  32.240  39.950  33.470  32.510  39.840  35.630  33.480  39.710
  36.720  34.530  39.690  36.460  32.970  39.700  38.020  33.610  39.580  38.890
  31.640  40.060  38.210  31.220  40.200  39.200  30.780  40.290  37.130  29.730
  40.320  37.350  31.210  40.150  35.810  30.500  40.190  34.990  33.520  37.440
  33.720  33.900  36.640  34.600  32.770  37.210  32.650  32.510  38.000  32.070
  32.270  35.860  32.420  31.840  35.440  33.330  31.270  35.830  31.250  30.640
  36.720  31.270  31.850  35.920  30.330  30.310  34.670  31.170  30.020  33.980
  32.120  29.640  34.480  30.020  28.930  33.770  29.930  29.760  35.110  29.240
  33.410  34.830  32.240  33.250  33.720  32.780  34.530  35.130  31.540  34.590
  36.070  31.170  35.680  34.190  31.490  35.420  33.280  30.950  36.800  34.800
  30.650  37.010  35.790  31.070  37.700  34.200  30.800  36.390  34.690  29.190
  36.330  33.650  28.880  35.400  35.110  29.050  37.330  35.450  28.190  37.350
  35.180  27.010  38.280  36.250  28.640  38.970  36.620  28.000  38.550  36.230
  29.620  36.240  33.920  32.930  36.380  32.810  33.310  36.410  34.960  33.700
  36.100  35.860  33.360  37.150  34.900  34.910  37.890  34.120  34.730  37.790
  36.210  35.410  37.110  37.030  35.170  37.790  36.240  36.500  39.210  36.620
  34.980  39.800  35.920  34.070  39.720  37.540  35.620  36.370  34.230  36.030
  36.900  33.600  36.960  35.000  34.310  35.940  34.540  34.890  35.250  34.200
  33.710  37.070  34.690  33.770  38.040  32.810  34.360  37.160  32.370  34.410
  36.170  31.690  33.560  37.940  31.810  33.580  39.020  30.700  34.000  37.830
  31.650  32.560  37.500  32.920  35.760  37.640  33.780  36.340  37.280  32.030
  36.290  37.320  32.950  35.740  38.730  34.100  32.210  36.740  34.110  31.390
  37.660  34.080  31.860  35.480  34.240  32.590  34.800  34.060  30.460  34.960
  33.370  29.770  35.450  33.770  30.550  33.460  32.900  31.200  33.330  34.590
  31.080  32.960  33.500  29.200  32.780  32.400  29.060  32.160  34.250  28.270
  33.050  35.420  29.820  35.380  35.470  28.760  35.990  36.550  30.450  35.020
  36.290  31.270  34.500  37.980  30.130  35.350  38.240  29.180  34.890  38.740
  31.350  34.740  38.370  32.270  35.200  39.800  31.230  34.920  38.650  31.420
  33.660  38.250  29.990  36.790  39.020  29.100  37.070  37.700  30.840  37.660
  37.210  31.620  37.260  37.830  30.760  39.110  38.900  30.690  39.300  37.270
  31.980  39.880  36.220  32.150  39.640  37.280  31.680  40.930  37.990  32.790
  39.780  37.200  29.520  39.650  37.650  28.770  40.500  36.060  29.130  38.970
  35.890  29.520  38.060  35.290  27.920  39.280  35.230  27.790  40.360  33.840
  27.910  38.800  33.720  28.080  37.730  33.040  26.650  39.000  32.920  26.490
  40.080  32.070  26.750  38.510  33.500  25.770  38.570  33.050  29.060  39.460
  32.760  28.800  40.480  33.650  29.950  39.660  32.160  29.330  38.900  36.040
  26.690  38.730  36.290  25.810  39.560  36.480  26.600  37.460  36.280  27.370
  36.840  37.280  25.450  36.960  36.760  24.500  37.100  37.670  25.570  35.490
  38.340  26.410  35.300  38.260  24.670  35.350  36.530  25.560  34.450  36.030
  26.530  34.450  36.960  25.250  33.500  35.430  24.540  34.850  35.010  24.630
  35.860  34.540  24.700  34.240  35.760  23.070  34.640  36.180  22.560  35.400
  35.390  22.360  33.610  34.920  22.980  32.540  34.910  23.980  32.440  34.750
  22.470  31.690  35.620  21.050  33.570  35.940  20.660  34.440  35.170  20.540
  32.820  38.550  25.310  37.810  38.840  24.100  38.150  39.140  26.400  38.280
  38.750  27.280  37.960  40.420  26.310  38.980  41.130  25.770  38.360  40.780
  27.330  39.120  40.190  25.720  40.380  40.970  24.870  40.860  39.180  26.100
  41.140  38.590  26.820  40.760  38.720  25.410  42.320  39.530  25.460  43.040
  37.470  26.180  42.930  36.790  26.470  42.120  36.720  25.340  43.940  37.400
  24.880  44.670  35.860  25.870  44.350  36.260  24.530  43.370  37.850  27.410
  43.710  38.130  27.030  44.690  38.740  27.900  43.310  36.720  28.480  43.930
  35.990  28.040  44.610  36.990  29.410  44.420  36.170  28.730  43.030  38.390
  23.920  42.010  38.870  23.100  42.780  37.690  23.610  40.900  37.310  24.340
  40.320  37.310  22.220  40.640  36.980  21.900  41.630  36.220  22.130  39.520
  36.610  22.420  38.540  35.940  21.090  39.370  34.930  22.830  39.950  35.190
  23.810  40.340  34.060  23.100  38.810  33.740  22.200  38.300  33.110  23.580
  39.080  34.480  23.470  37.880  34.180  22.090  41.090  34.670  22.130  42.060
  33.170  22.450  41.270  34.080  21.050  40.780  38.450  21.280  40.230  38.210
  20.120  40.340  39.600  21.750  39.810  39.680  22.740  39.650  40.900  21.030
  39.530  40.590  20.010  39.310  41.620  21.620  38.360  41.560  22.700  38.490
  42.690  21.430  38.460  41.000  21.340  36.960  40.780  20.280  36.930  40.020
  21.790  37.090  41.810  21.870  35.800  42.850  21.890  36.120  41.730  21.130
  35.010  41.320  23.140  35.380  41.820  23.950  35.720  40.710  23.360  34.220
  40.030  22.470  33.640  39.960  21.560  34.080  39.530  22.690  32.790  40.650
  24.620  33.760  41.280  25.260  34.220  40.400  24.810  32.790  41.740  20.970
  40.830  42.670  20.120  40.940  41.390  21.790  41.900  40.590  22.400  41.860
  42.310  21.950  43.040  43.310  21.650  42.710  42.420  23.470  43.510  42.870
  24.000  42.670  41.500  23.950  43.850  43.390  23.600  44.680  43.250  22.910
  45.710  44.480  24.350  44.510  44.930  24.570  45.380  44.500  24.900  43.660
  42.000  21.000  44.170  40.890  20.990  44.620  43.000  20.160  44.560  43.850
  20.080  44.010  42.740  19.090  45.470  41.880  18.540  45.070  43.910  18.050
  45.400  44.770  18.550  45.850  43.710  17.150  45.980  44.070  17.820  44.340
  42.380  19.480  46.880  41.720  18.740  47.560  42.750  20.700  47.330  43.230
  21.240  46.630  42.370  21.260  48.680  42.240  20.570  49.510  43.410  22.300
  49.180  43.490  23.190  48.560  42.980  22.650  50.120  44.820  21.770  49.290
  45.140  21.650  48.250  45.440  22.540  49.740  44.870  20.450  50.140  44.250
  20.660  51.010  44.420  19.620  49.600  46.360  20.080  50.520  46.890  19.810
  49.610  46.780  20.900  51.100  46.620  18.920  51.420  46.510  19.120  52.400
  46.150  18.100  51.070  47.590  18.640  51.420  41.000  22.000  48.640  40.170
  21.770  49.510  40.680  22.690  47.500  41.400  22.690  46.800  39.500  23.540
  47.350  39.250  23.920  48.340  39.720  24.800  46.420  39.950  24.360  45.450
  38.910  25.510  46.260  41.090  25.480  46.780  41.890  24.780  46.560  41.350
  26.670  45.880  40.730  27.490  46.240  42.420  26.880  45.860  41.210  26.320
  44.850  41.250  25.910  48.270  41.300  25.000  48.870  42.250  26.280  48.520
  40.530  26.650  48.610  38.260  22.670  46.960  37.210  22.770  47.510  38.410
  21.760  45.980  39.300  21.680  45.510  37.280  20.870  45.550  36.520  21.530
  45.110  37.730  19.930  44.420  38.320  20.500  43.700  38.340  19.140  44.840
  36.490  19.330  43.690  35.780  19.000  44.450  35.980  20.130  43.160  36.840
  18.100  42.780  37.700  18.430  42.190  37.250  17.310  43.410  35.740  17.770
  41.780  35.430  18.690  41.280  36.270  17.020  41.190  34.640  17.150  42.430
  34.040  17.720  43.010  33.930  16.830  41.790  35.040  16.430  43.020  36.540
  20.100  46.740  35.320  20.200  46.800  37.180  19.440  47.740  38.550  19.000
  47.760  39.210  19.870  47.800  38.890  18.510  46.850  38.770  18.230  49.080
  39.220  18.920  49.800  39.560  17.500  48.920  37.380  17.840  49.630  37.350
  18.070  50.700  37.200  16.800  49.390  36.450  18.780  48.760  35.690  18.170
  48.280  35.690  19.790  49.620  34.810  19.380  50.380  36.230  21.050  49.710
  36.980  21.430  49.140  35.460  22.070  50.500  34.930  21.580  51.300  36.340
  23.170  51.120  36.780  23.730  50.300  35.660  24.160  52.020  34.990  23.660
  52.720  36.380  24.830  52.500  35.010  24.730  51.350  37.540  22.550  51.900
  37.200  21.690  52.470  38.220  22.130  51.150  38.030  23.260  52.560  34.370
  22.700  49.730  33.280  22.760  50.300  34.640  23.130  48.500  35.540  22.970
  48.090  33.610  23.720  47.680  33.210  24.590  48.210  34.230  24.180  46.380
  35.010  24.910  46.580  34.690  23.330  45.870  33.340  24.830  45.390  33.180
  26.180  45.330  33.650  26.840  46.040  32.580  26.790  44.220  32.610  27.850
  44.040  31.970  25.980  43.230  31.350  26.620  42.200  30.880  25.990  41.660
  32.040  24.600  43.320  31.670  23.950  42.540  32.820  24.060  44.340  32.820
  22.990  44.200  32.440  22.770  47.480  31.310  23.220  47.530  32.720  21.510
  47.190  33.670  21.220  46.990  31.600  20.520  47.000  30.910  20.930  46.260
  32.160  19.140  46.590  32.760  18.690  47.370  31.320  18.440  46.600  32.780
  19.100  45.170  32.510  20.060  44.380  33.420  18.120  44.780  30.800  20.280
  48.340  29.620  19.870  48.310  31.310  20.580  49.520  32.270  20.880  49.540
  30.640  20.450  50.810  30.020  19.550  50.840  31.720  20.360  51.850  31.480
  19.800  52.750  32.450  19.690  51.400  32.310  21.640  52.290  32.750  22.040
  51.530  29.790  21.680  51.050  28.870  21.610  51.850  30.020  22.860  50.410
  30.550  22.810  49.550  29.340  24.100  50.750  28.960  24.120  51.780  30.120
  25.340  50.310  30.460  25.260  49.280  29.530  26.240  50.460  31.420  25.540
  51.170  32.060  24.670  51.010  32.100  26.850  50.800  31.440  27.720  50.780
  32.910  27.010  51.500  32.580  26.740  49.830  31.050  25.650  52.620  31.720
  26.340  53.130  30.020  25.960  52.790  31.070  24.590  52.880  27.930  24.150
  50.050  27.690  23.500  49.060  27.070  25.070  50.470  27.310  25.500  51.350
  25.860  25.490  49.770  25.510  24.670  49.130  24.960  25.990  50.790  24.030
  26.280  50.290  24.700  25.060  51.290  25.500  27.230  51.560  25.420  28.350
  50.980  25.910  27.010  52.700  26.060  26.600  48.770  27.110  27.150  48.730
  25.210  26.830  47.780  24.350  26.300  47.750  25.590  27.600  46.640  26.510
  27.160  46.240  24.510  27.480  45.570  23.640  28.040  45.920  24.820  27.840
  44.590  24.310  26.410  45.510  25.900  29.070  46.930  26.600  29.770  46.150
  25.390  29.610  48.020  24.810  29.070  48.640  25.720  30.990  48.540  25.620
  31.680  47.700  24.680  31.500  49.650  24.620  30.910  50.560  24.780  32.990
  49.990  25.080  33.530  49.100  23.870  33.380  50.440  25.500  33.110  50.810
  23.290  31.360  49.090  23.050  30.350  48.760  22.630  31.640  49.920  23.100
  32.030  48.260  27.120  31.060  49.100  28.020  31.840  48.720  27.480  30.110
  49.910  26.780  29.390  50.020  28.850  29.950  50.500  29.110  30.960  50.820
  28.830  28.950  51.660  28.280  28.110  51.240  29.900  28.830  51.830  28.100
  29.450  52.860  28.610  30.350  53.220  27.040  29.580  52.650  28.350  28.400
  53.970  27.870  27.450  53.760  29.400  28.190  54.170  27.890  28.920  55.270
  28.430  29.600  55.770  26.660  28.670  55.750  25.750  27.920  55.140  26.020
  27.580  54.230  24.870  27.760  55.600  26.310  29.320  56.850  27.000  29.810
  57.400  25.470  29.000  57.300  29.810  29.580  49.330  30.920  30.050  49.240
  29.280  28.790  48.360  28.420  28.310  48.570  30.030  28.520  47.170  30.960
  28.090  47.550  29.460  27.420  46.220  28.470  27.840  46.030  29.940  27.510
  45.250  29.520  25.950  46.820  30.520  25.750  47.200  28.890  25.830  47.700
  29.270  24.770  45.800  30.150  24.680  45.170  29.180  23.780  46.240  28.100
  25.050  44.970  28.220  25.530  44.090  26.960  24.510  45.110  26.460  23.960
  46.200  27.060  23.720  46.970  25.460  23.780  46.230  26.050  24.700  44.210
  26.330  25.340  43.490  25.110  24.330  44.220  30.350  29.810  46.420  31.520
  29.950  46.030  29.450  30.840  46.390  28.540  30.760  46.810  29.710  32.200
  45.900  30.240  32.170  44.950  28.390  32.940  45.730  27.780  32.720  46.610
  28.660  33.990  45.690  27.510  32.330  44.280  26.950  31.250  44.850  30.710
  32.980  46.770  31.590  33.610  46.230  30.730  32.930  48.070  30.020  32.390
  48.540  31.840  33.420  48.890  31.960  34.490  48.730  31.360  33.120  50.310
  31.230  32.050  50.470  32.060  33.420  51.090  30.370  33.530  50.480  33.190
  32.750  48.590  34.240  33.400  48.670  33.100  31.450  48.180  32.230  30.950
  48.280  34.270  30.660  47.880  35.030  31.000  48.580  33.980  29.150  48.000
  34.890  28.580  47.790  33.640  28.880  49.000  33.250  28.870  47.240  34.890
  31.070  46.500  36.120  31.230  46.410  34.030  31.350  45.490  33.070  31.040
  45.570  34.450  31.920  44.190  35.270  31.330  43.780  33.320  32.050  43.080
  32.520  32.640  43.540  33.860  32.640  41.750  34.910  32.390  41.600  33.290
  32.450  40.840  33.960  33.710  41.950  32.880  30.600  42.840  33.500  30.090
  42.110  33.090  30.050  43.750  31.460  30.460  42.360  31.270  31.160  41.550
  31.310  29.500  41.860  30.700  30.690  43.100  35.010  33.320  44.520  36.060
  33.640  43.990  34.330  34.170  45.280  33.490  33.920  45.770  34.730  35.590
  45.400  34.690  36.010  44.390  33.650  36.320  46.280  32.650  36.090  45.910
  33.690  36.100  47.340  33.750  37.900  46.240  34.830  38.490  46.150  32.660
  38.610  46.240  32.850  39.590  46.370  31.740  38.330  46.550  36.180  35.640
  45.920  37.040  36.270  45.300  36.510  34.860  46.980  35.920  34.130  47.350
  37.890  34.830  47.500  38.170  35.850  47.770  37.800  34.060  48.770  36.850
  34.190  49.290  38.010  33.020  48.520  39.000  34.540  49.650  39.950  34.230
  49.210  39.010  35.620  49.800  39.090  33.730  50.950  38.380  32.770  51.180
  40.020  34.000  51.840  40.100  33.510  52.720  40.700  34.730  51.640  38.880
  34.430  46.500  40.010  34.930  46.500  38.620  33.370  45.680  37.660  33.060
  45.740  39.570  32.940  44.640  40.540  32.910  45.140  39.170  31.500  44.130
  38.090  31.380  44.090  39.830  31.230  42.790  40.910  31.300  42.940  39.590
  30.230  42.430  39.490  31.900  42.000  39.670  30.500  45.170  39.150  30.600
  46.130  39.570  29.480  44.780  40.720  30.710  45.360  39.750  34.040  43.550
  40.880  34.340  43.200  38.710  34.740  43.130  37.770  34.520  43.420  38.790
  35.910  42.240  39.150  35.370  41.360  37.410  36.460  41.950  36.840  35.560
  41.750  37.020  37.080  42.770  37.280  37.300  40.650  36.690  36.760  39.500
  36.280  35.760  39.480  36.430  37.560  38.380  35.940  37.130  37.520  36.800
  38.890  38.370  36.610  39.500  37.500  37.460  39.430  39.500  37.750  40.470
  39.470  37.600  38.660  40.680  38.030  39.160  41.530  39.890  36.910  42.730
  40.880  37.250  42.070  39.620  37.460  43.900  38.790  37.090  44.340  40.470
  38.420  44.630  40.520  39.320  44.010  39.750  38.780  45.930  38.680  38.850
  45.730  39.780  37.970  46.660  40.410  40.020  46.510  41.470  39.860  46.710
  40.320  40.800  45.750  39.740  40.520  47.740  38.870  39.960  48.360  40.140
  41.660  48.200  40.070  41.790  49.200  40.720  42.290  47.650  41.830  37.870
  44.890  42.790  38.510  44.370  42.010  36.820  45.680  41.230  36.250  45.990
  43.400  36.460  46.160  43.980  37.380  46.280  43.350  35.720  47.510  42.740
  34.840  47.300  44.360  35.390  47.720  42.820  36.550  48.640  43.450  37.410
  48.860  41.790  36.930  48.630  42.830  35.660  50.310  44.630  35.520  50.520
  44.900  34.920  51.390  45.040  35.100  49.600  44.990  36.550  50.590  44.160
  35.750  45.080  45.370  35.810  45.130  43.420  34.950  44.300  42.420  35.000
  44.330  43.940  33.870  43.440  43.220  33.710  42.630  44.850  34.160  42.910
  43.960  32.540  44.210  44.120  32.550  45.450  43.720  31.430  43.480  43.570
  31.570  42.490  43.820  30.110  43.980  42.960  29.750  44.540  43.900  29.170
  42.790  43.080  29.390  42.100  44.900  29.300  42.390  43.710  27.690  43.100
  44.060  27.430  44.100  42.660  27.390  43.130  44.330  26.900  41.910  44.130
  27.200  40.750  44.900  25.790  42.190  45.060  29.770  44.810  44.880  29.200
  45.920  46.240  30.240  44.440  46.140  30.830  43.630  47.460  30.010  45.180
  47.620  28.950  45.380  48.690  30.500  44.390  48.770  31.570  44.530  50.050
  29.860  44.800  50.190  28.930  44.250  50.800  30.550  44.420  50.180  29.690
  45.870  48.490  30.240  43.010  47.890  30.900  42.670  47.490  30.700  46.570
  48.020  30.200  47.540  46.810  31.830  46.760  46.220  32.060  45.970  46.650
  32.600  48.010  47.610  32.730  48.490  46.300  33.600  47.740  45.610  32.110
  48.980  45.760  32.350  50.210  44.590  31.390  48.570  44.360  31.380  47.590
  43.580  30.770  49.420  43.510  31.300  50.370  42.100  30.800  48.930  41.430
  30.750  49.790  41.730  32.190  48.390  40.740  32.170  47.930  41.770  32.940
  49.180  42.440  32.480  47.620  41.820  29.780  47.800  40.760  29.770  47.550
  42.350  30.080  46.900  41.930  28.730  48.060  43.950  29.360  49.810  43.390
  28.970  50.840  44.720  28.570  48.990  45.150  28.890  48.130  44.960  27.170
  49.230  43.890  26.940  49.270  45.600  26.640  47.950  46.430  27.290  47.680
  46.010  25.640  48.010  44.910  26.670  47.100  45.880  26.890  50.440  45.890
  25.840  50.970  46.500  27.940  51.030  46.540  28.810  50.510  47.200  27.980
  52.350  47.640  27.000  52.510  48.030  28.690  52.310  46.270  28.260  53.560
  46.800  28.140  54.700  44.980  28.640  53.430  44.690  28.870  52.490  44.070
  28.890  54.550  44.570  29.310  55.420  42.990  29.890  54.180  42.600  29.740
  53.170  42.160  29.760  54.880  43.400  31.310  54.160  44.600  31.730  53.460
  45.250  31.040  52.940  44.840  33.130  53.470  45.690  33.520  52.930  43.870
  34.070  53.890  43.980  35.130  53.750  42.720  33.660  54.560  42.000  34.360
  54.950  42.520  32.260  54.720  41.540  31.940  55.060  43.570  27.570  55.220
  42.410  27.420  55.610  44.540  26.600  55.490  45.510  26.760  55.250  44.260
  25.190  55.910  43.770  24.630  55.120  45.620  24.480  56.190  46.200  25.070
  56.910  45.510  23.060  56.670  44.830  22.460  56.060  46.480  22.590  56.830
  45.120  22.930  57.670  46.260  24.520  54.920  47.050  23.970  54.980  43.340
  25.010  57.110  42.640  24.030  57.230  43.450  25.940  58.070  44.000  26.780
  57.940  42.520  25.940  59.200  42.380  24.910  59.540  43.190  26.800  60.260
  43.550  27.680  59.730  42.470  27.170  60.990  44.290  25.990  60.930  44.130
  25.280  61.860  45.410  26.220  60.350  46.320  26.030  60.750  45.410  26.830
  59.540  41.190  26.450  58.810  40.190  25.710  58.930  41.040  27.600  58.140
  41.840  28.210  58.110  39.690  28.010  57.620  39.090  28.200  58.510  39.680
  29.370  56.900  40.480  29.440  56.170  38.700  29.570  56.460  39.950  30.400
  57.880  40.830  30.270  58.230  38.970  27.030  56.700  37.790  26.790  56.860
  39.770  26.360  55.800  40.760  26.500  55.670  39.320  25.250  54.850  38.650
  25.650  54.090  40.530  24.840  54.020  41.420  24.850  54.640  40.380  23.830
  53.630  40.850  25.780  52.850  40.730  26.820  53.150  42.270  25.590  52.280
  42.410  24.600  51.840  42.360  26.330  51.490  42.930  25.940  53.080  39.830
  25.530  51.710  38.810  25.430  52.080  39.980  26.220  50.880  40.050  24.530
  51.320  38.650  24.100  55.680  37.580  23.670  55.360  39.310  23.620  56.740
  39.950  24.280  57.150  38.770  22.630  57.670  38.460  21.750  57.100  39.900
  22.210  58.590  40.720  21.830  57.990  40.280  23.080  59.140  39.380  21.200
  59.620  38.620  21.530  60.320  38.980  20.340  59.080  40.490  20.800  60.570
  40.250  19.910  61.150  41.420  20.550  60.040  40.760  21.780  61.650  39.960
  22.000  62.240  41.870  22.500  61.910  41.840  23.430  62.780  41.050  23.560
  63.400  42.660  24.000  62.900  43.040  22.350  61.310  43.080  21.820  60.450
  43.760  23.020  61.540  37.480  23.090  58.410  36.530  22.330  58.440  37.440
  24.360  58.880  38.180  25.000  58.620  36.330  24.890  59.600  36.110  24.150
  60.380  36.890  26.170  60.350  37.450  26.860  59.720  36.070  26.720  60.810
  37.840  25.770  61.440  37.460  25.150  62.250  38.640  25.330  60.840  38.470
  27.280  62.270  39.880  26.550  63.190  39.490  25.670  63.710  40.700  26.300
  62.510  40.210  27.270  63.940  35.080  25.110  58.760  33.990  24.730  59.210
  35.260  25.550  57.490  36.200  25.660  57.140  34.150  25.530  56.470  33.290
  26.040  56.910  34.500  26.350  55.230  35.380  25.840  54.840  33.750  26.270
  54.450  34.750  27.800  55.540  35.500  27.950  56.310  35.510  28.460  54.290
  34.890  28.380  53.400  35.790  29.490  54.530  36.480  28.010  54.130  33.540
  28.660  55.830  33.030  28.320  56.730  33.940  29.660  55.960  32.840  28.520
  55.000  33.660  24.120  56.190  32.460  23.930  56.230  34.510  23.160  55.930
  35.500  23.320  55.990  34.030  21.850  55.510  33.330  21.950  54.680  35.240
  21.090  54.850  35.480  21.670  53.960  36.020  21.010  55.610  34.860  19.670
  54.310  34.300  19.050  55.010  34.260  19.870  53.420  36.100  18.780  53.890
  37.250  19.200  53.770  35.860  17.510  53.590  36.690  17.020  53.290  35.110
  16.920  53.920  33.330  21.060  56.620  32.360  20.390  56.360  33.730  21.290
  57.870  34.460  21.960  58.060  33.100  20.790  59.060  32.910  19.720  58.970
  34.080  21.020  60.260  34.410  22.060  60.230  33.550  20.820  61.190  35.240
  20.020  60.190  34.940  18.980  60.340  35.840  20.130  59.290  36.250  20.300
  61.180  36.260  21.350  61.800  37.040  19.330  61.500  37.760  19.410  62.210
  37.060  18.480  60.960  31.730  21.490  59.340  31.060  21.090  60.270  31.390
  22.580  58.720  32.050  22.830  58.000  30.200  23.350  59.070  30.090  24.160
  58.350  28.930  22.560  58.820  28.830  21.850  59.640  28.110  23.260  58.970
  28.820  21.980  57.440  29.460  22.610  56.830  29.320  21.030  57.540  27.310
  21.720  56.900  26.670  21.150  57.570  26.810  22.650  56.670  27.540  21.040
  55.580  28.280  20.250  55.660  26.650  20.480  55.280  27.950  21.940  54.460
  28.910  22.240  54.560  28.040  21.490  53.560  27.310  22.720  54.340  30.260
  24.200  60.400  29.280  24.280  61.050  31.470  24.660  60.760  32.250  24.480
  60.160  31.770  25.410  61.990  31.000  25.260  62.750  33.110  24.860  62.670
  33.980  25.020  62.040  33.270  25.340  63.630  32.980  23.350  62.940  32.010
  23.210  63.420  33.040  22.770  62.020  34.150  22.890  63.820  35.000  22.960
  63.140  34.180  23.510  64.710  33.960  21.480  64.220  33.080  21.030  64.420
  34.800  20.920  65.090  35.970  21.450  65.400  36.280  22.330  65.020  36.610
  20.920  65.980  34.420  19.830  65.680  33.460  19.520  65.580  35.140  19.470
  66.290  31.860  26.920  61.620  32.920  27.480  61.660  30.780  27.450  61.080
  29.930  26.900  61.140  30.740  28.760  60.440  31.420  28.740  59.590  29.320
  29.080  60.000  28.660  29.570  60.720  29.520  29.830  59.240  28.630  27.880
  59.320  27.330  27.490  59.580  26.780  27.750  60.470  26.950  26.550  58.620
  26.090  26.010  58.580  27.980  26.310  57.740  28.040  25.600  56.560  27.120
  25.110  56.290  29.150  25.540  55.740  29.190  24.830  54.920  30.300  26.180
  56.140  31.190  26.140  55.530  30.190  27.120  57.200  31.030  27.760  57.440
  29.090  27.160  58.130  31.220  29.960  61.330  31.910  30.810  60.850  30.920
  29.880  62.640  30.570  29.000  62.990  31.460  30.910  63.520  31.480  31.890
  63.050  30.560  31.020  64.770  30.620  30.070  65.290  30.970  31.670  65.540
  29.170  31.490  64.400  28.870  32.040  63.310  28.250  31.340  65.230  32.980
  30.830  63.890  33.610  31.880  64.150  33.560  29.590  63.910  32.990  28.820
  63.600  34.980  29.310  64.110  35.300  29.950  64.930  35.180  27.830  64.580
  34.760  27.180  63.810  36.260  27.740  64.700  34.520  27.460  65.920  34.850
  28.280  66.560  33.440  27.440  65.810  35.000  26.080  66.340  36.240  25.850
  66.330  34.130  25.240  66.600  35.850  29.650  62.880  37.000  30.110  63.060
  35.310  29.400  61.660  34.440  28.890  61.750  35.900  29.750  60.320  36.920
  29.370  60.310  35.010  28.980  59.300  33.970  29.040  59.610  35.030  29.360
  58.270  35.360  27.960  59.150  35.960  31.190  60.120  36.920  31.700  59.590
  34.910  31.900  60.520  34.140  31.360  60.890  34.850  33.350  60.360  34.790
  33.650  59.310  33.470  33.710  61.030  33.440  33.470  62.100  33.350  34.780
  60.870  32.650  33.180  60.560  35.950  34.000  61.180  36.380  35.070  60.760
  36.280  33.500  62.390  35.800  32.660  62.670  37.360  33.990  63.190  37.140
  35.020  63.450  37.550  33.280  64.490  37.380  32.230  64.250  38.860  33.530
  65.320  39.030  34.600  65.330  38.810  33.190  66.350  39.730  33.060  64.870
  36.390  33.780  65.380  35.480  33.470  64.860  36.330  33.290  66.350  36.440
  34.850  65.540  38.690  33.850  62.400  39.350  34.880  62.220  38.940  32.650
  61.960  38.340  31.910  62.290  40.180  32.310  61.260  41.040  32.610  61.860
  40.140  30.750  61.150  39.920  30.190  62.060  39.450  30.370  60.400  41.510
  30.350  60.790  41.800  30.060  59.620  42.350  30.100  61.790  43.300  30.080
  61.460  42.160  30.330  62.760  40.330  33.090  59.970  41.400  33.560  59.610
  39.250  33.260  59.170  38.400  32.750  59.360  39.300  34.100  58.040  40.120
  33.700  57.450  37.910  34.000  57.330  37.170  34.370  58.040  37.970  34.820
  56.610  37.590  32.770  56.590  37.520  31.910  57.250  36.220  32.930  55.890
  36.130  33.850  55.310  35.900  32.180  55.180  35.460  33.030  56.660  38.510
  32.470  55.440  39.540  32.330  55.770  38.110  31.590  54.940  38.430  33.370
  54.820  39.700  35.530  58.370  40.520  36.120  57.650  39.200  36.140  59.480
  38.500  35.650  60.020  39.670  37.530  59.940  39.650  38.100  59.010  38.740
  38.160  60.930  38.860  37.730  61.920  38.980  39.220  61.030  37.720  37.930
  60.640  41.150  37.560  60.370  41.780  38.600  60.160  41.700  36.420  60.730
  41.110  35.640  61.000  43.150  36.240  60.990  43.430  37.150  61.520  43.370
  35.050  61.970  43.010  34.120  61.530  44.430  34.860  62.160  42.730  35.290
  63.360  43.180  36.190  63.790  41.650  35.450  63.320  42.940  34.070  64.320
  42.510  33.210  63.790  43.960  33.740  64.510  42.350  34.310  65.720  43.010
  35.100  66.090  41.350  34.720  65.640  42.370  33.170  66.540  43.240  32.670
  66.420  42.320  33.410  67.530  41.670  32.450  66.410  44.000  36.240  59.710
  44.790  35.370  59.550  43.970  37.260  58.840  43.320  38.000  59.060  44.640
  37.250  57.480  45.580  36.710  57.460  43.660  36.590  56.440  44.150  36.710
  55.470  43.480  35.560  56.730  42.420  37.220  56.160  41.720  36.790  56.660
  44.950  38.650  57.000  44.210  39.640  57.150  46.020  38.760  56.220  46.390
  37.880  55.890  46.340  39.940  55.440  46.500  40.770  56.120  47.690  39.800
  54.720  48.330  39.810  55.600  47.840  38.830  54.250  48.030  40.860  53.680
  47.170  41.010  53.010  48.140  41.780  54.250  49.340  40.590  52.890  50.150
  40.120  53.450  49.260  39.790  52.150  49.740  41.810  52.100  50.430  42.420
  52.510  49.220  42.290  51.020  48.280  41.780  50.350  47.940  40.840  50.500
  47.980  42.400  49.620  49.540  43.470  50.720  50.250  43.970  51.240  49.280
  43.750  49.790  45.220  40.230  54.520  44.890  41.380  54.330  44.550  39.210
  53.950  44.940  38.300  54.150  43.290  39.430  53.180  43.490  40.050  52.300
  42.690  38.090  52.690  43.400  37.660  51.980  42.780  37.480  53.590  41.360
  38.150  52.040  41.150  38.740  50.860  41.840  39.240  50.200  39.820  38.680
  50.590  39.350  39.100  49.800  39.130  37.930  51.520  37.800  37.590  51.650
  37.060  37.810  50.890  37.450  36.850  52.780  36.440  36.490  52.880  38.390
  36.480  53.810  37.940  35.960  54.640  39.710  37.020  53.730  40.360  36.930
  54.590  40.090  37.700  52.560  42.220  40.340  53.870  41.530  41.170  53.260
  42.050  40.110  55.180  42.540  39.350  55.610  41.180  40.980  55.990  40.380
  41.200  55.280  40.780  40.270  57.270  40.430  39.290  56.950  41.600  39.920
  57.880  39.740  40.930  58.060  38.390  40.800  57.590  38.240  40.040  56.840
  37.390  41.590  58.160  36.380  41.570  57.770  37.750  42.490  59.120  36.760
  43.220  59.620  37.040  44.070  59.950  38.990  42.620  59.600  39.230  43.310
  60.390  40.040  41.790  59.120  41.080  41.860  59.410  41.810  42.370  56.190
  41.200  43.390  55.950  43.040  42.450  56.640  43.480  41.550  56.820  43.730
  43.700  57.030  42.990  44.260  57.600  45.000  43.360  57.860  45.530  42.550
  57.350  45.680  44.210  57.950  44.740  42.900  59.280  45.310  41.910  59.720
  43.940  43.580  60.050  43.870  43.210  60.990  43.720  44.530  59.790  44.030
  44.620  55.920  44.290  45.790  56.240  43.920  44.180  54.630  43.850  43.180
  54.470  44.090  45.050  53.450  44.520  46.030  53.670  45.000  44.280  52.410
  44.630  43.310  52.070  45.200  44.930  51.560  46.420  44.070  53.030  46.210
  43.450  53.910  47.070  43.620  52.280  47.140  45.330  53.440  47.480  45.570
  54.530  47.450  46.280  52.560  47.870  47.090  53.000  47.350  46.270  51.560
  42.790  45.420  52.790  42.730  46.540  52.290  41.820  44.520  52.820  41.990
  43.660  53.320  40.440  44.840  52.390  40.470  45.910  52.190  40.180  44.150
  51.000  39.110  44.350  50.900  40.950  44.640  49.870  40.620  44.210  48.930
  40.750  45.710  49.820  42.030  44.500  50.000  40.490  42.740  51.010  40.680
  42.380  51.880  39.320  44.610  53.390  38.510  43.680  53.250  39.360  45.240
  54.560  40.260  46.370  54.910  40.030  47.170  54.220  41.280  46.000  55.040
  39.660  46.820  56.280  38.810  47.500  56.210  40.430  47.280  56.900  39.120
  45.590  56.880  38.410  45.760  57.690  39.950  45.010  57.270  38.540  44.820
  55.650  38.720  43.750  55.750  37.050  45.050  55.440  36.320  44.290  55.980
  36.670  46.020  54.610  37.330  46.550  54.050  35.230  46.130  54.270  34.640
  46.060  55.190  35.010  47.440  53.590  35.650  47.430  52.710  34.030  47.530
  53.120  35.350  48.730  54.400  35.830  48.720  55.570  35.200  49.830  53.720
  34.750  44.950  53.340  33.860  44.180  53.640  35.450  44.780  52.160  36.260
  45.350  51.960  35.200  43.590  51.280  34.200  43.680  50.860  36.110  43.680
  50.000  35.900  44.590  49.430  37.150  43.710  50.320  36.020  42.360  49.140
  36.630  41.560  49.570  35.010  41.970  49.050  36.680  42.490  47.810  36.180
  43.340  47.340  37.740  42.710  47.810  36.520  41.320  46.910  35.870  40.580
  47.140  37.100  41.240  45.720  38.080  42.020  45.330  38.510  42.540  46.080
  38.470  42.000  44.400  36.750  40.390  44.790  36.040  39.680  44.930  37.240
  40.560  43.920  35.240  42.230  51.960  34.260  41.500  51.990  36.350  42.030
  52.730  37.080  42.720  52.740  36.560  40.810  53.500  36.580  40.020  52.740
  37.930  40.890  54.280  37.870  41.720  54.990  38.100  39.910  54.730  38.710
  41.020  53.530  35.430  40.550  54.470  34.930  39.440  54.550  34.920  41.560
  55.210  35.380  42.440  55.040  33.840  41.450  56.230  34.230  40.710  56.930
  33.670  42.790  56.980  34.610  43.080  57.460  33.380  43.630  56.350  32.660
  42.630  58.090  31.720  42.220  57.730  32.960  41.870  58.810  32.330  44.000
  58.770  32.020  44.790  58.090  31.410  43.890  59.340  33.510  44.610  59.590
  33.940  43.960  60.350  34.290  44.770  58.850  33.100  45.880  60.240  32.160
  45.810  60.620  33.690  46.090  61.030  33.120  46.620  59.550  32.520  40.820
  55.630  31.840  39.980  56.210  32.240  41.380  54.400  32.830  42.150  54.120
  31.070  41.000  53.600  30.160  41.140  54.190  30.820  41.890  52.360  31.630
  41.920  51.630  29.970  41.440  51.870  30.500  43.360  52.660  29.620  43.320
  53.300  31.290  43.890  53.200  30.110  44.050  51.340  29.310  43.460  50.900
  29.830  45.070  51.590  31.170  44.030  50.290  31.160  43.430  49.480  32.070
  45.010  50.200  32.280  45.850  51.110  31.830  45.820  52.010  32.910  46.580
  50.820  32.630  45.200  49.080  32.430  44.640  48.270  33.050  46.110  48.910
  31.190  39.610  53.110  30.270  38.760  53.220  32.390  39.250  52.610  33.050
  40.010  52.510  32.670  37.870  52.130  31.760  37.640  51.570  33.960  37.770
  51.310  34.810  38.250  51.810  34.310  36.310  51.110  33.620  35.830  50.410
  35.290  36.260  50.630  34.340  35.780  52.060  33.750  38.410  49.930  33.330
  39.410  49.990  34.710  38.540  49.440  32.960  37.830  49.460  32.550  36.940
  53.340  31.840  35.940  53.350  33.190  37.230  54.470  33.820  38.020  54.480
  33.220  36.400  55.660  33.510  35.360  55.480  34.190  36.990  56.750  34.010
  38.060  56.790  33.970  36.370  58.150  34.040  35.290  58.110  34.700  36.710
  58.890  32.980  36.540  58.570  35.690  36.770  56.320  35.920  35.700  56.370
  35.830  37.080  55.280  36.690  37.530  57.240  36.740  36.920  58.150  37.700
  37.590  56.840  36.300  38.490  57.580  31.800  36.200  56.320  31.500  35.120
  56.750  30.940  37.230  56.280  31.330  38.070  55.890  29.540  37.120  56.620
  29.430  36.900  57.690  28.830  38.450  56.530  28.990  38.920  55.550  27.370
  38.360  56.790  26.970  39.340  57.000  26.930  37.810  55.960  27.250  37.740
  57.680  29.430  39.380  57.440  30.340  39.520  57.160  28.750  36.090  55.710
  28.050  35.270  56.180  29.100  36.150  54.420  29.820  36.820  54.180  28.520
  35.320  53.400  27.440  35.420  53.460  28.830  35.750  52.000  29.830  35.520
  51.630  27.930  35.050  51.030  27.860  34.000  51.330  26.930  35.490  51.110
  28.310  35.020  50.010  28.560  37.120  51.740  29.220  37.530  52.320  28.950
  33.840  53.690  28.150  32.970  53.470  30.210  33.560  54.080  30.850  34.290
  54.350  30.610  32.290  54.710  30.350  31.470  54.040  32.060  32.080  54.920
  32.480  32.870  55.540  32.150  31.130  55.460  32.920  31.860  53.670  33.990
  32.660  53.320  34.200  33.580  53.830  34.830  32.370  52.210  35.700  32.940
  51.940  34.650  31.160  51.530  35.280  30.930  50.690  33.510  30.370  51.740
  33.390  29.430  51.240  32.730  30.660  52.880  31.880  30.080  53.200  29.950
  31.930  56.050  29.770  30.740  56.190  29.730  32.900  56.950  29.970  33.850
  56.680  29.140  32.670  58.240  29.640  31.790  58.670  29.420  33.860  59.160
  30.470  34.150  59.090  28.740  34.660  58.860  29.210  33.530  60.640  28.180
  33.210  60.790  29.800  32.690  60.990  29.470  34.740  61.570  29.110  34.500
  62.570  30.540  34.930  61.530  28.690  35.890  61.060  27.690  35.820  61.030
  29.230  36.980  60.520  30.490  37.120  60.330  31.130  36.490  60.800  30.820
  37.930  59.830  28.400  37.910  60.110  27.430  37.790  60.360  28.750  38.780
  59.740  27.630  32.370  58.360  27.260  31.390  58.960  26.810  33.220  57.640
  27.210  34.070  57.270  25.310  33.180  57.660  25.050  32.900  58.680  24.680
  34.580  57.380  23.640  34.290  57.530  25.050  35.630  58.340  24.700  36.530
  57.830  24.630  35.400  59.310  26.130  35.720  58.470  24.990  34.920  56.070
  24.390  35.580  55.690  24.620  32.240  56.700  23.570  31.680  56.910  25.350
  32.010  55.580  26.230  32.500  55.570  24.940  31.380  54.340  25.850  31.350
  53.740  24.570  30.390  54.620  23.880  32.180  53.610  23.080  31.570  52.860
  23.720  33.470  53.830  24.310  33.870  54.540  22.800  34.430  53.240  22.030
  33.970  52.620  21.960  35.110  54.340  21.260  35.690  53.740  21.120  34.090
  55.080  21.700  33.480  55.780  20.320  34.610  55.620  20.570  33.410  54.420
  22.740  35.970  55.270  22.180  36.620  55.690  23.440  35.580  52.510  24.660
  35.880  52.720  22.620  36.300  51.740  21.670  35.950  51.760  23.080  37.430
  50.900  24.100  37.120  50.660  22.220  37.600  49.680  21.150  37.630  49.930
  22.220  38.610  49.280  22.440  36.550  48.680  21.530  35.620  48.320  20.520
  35.510  48.690  22.150  34.650  47.520  21.810  33.720  47.300  23.440  34.910
  47.240  24.350  34.280  46.510  24.170  33.280  46.150  25.520  34.880  46.120
  26.120  34.410  45.350  25.830  36.180  46.710  26.710  36.760  46.480  24.920
  36.710  47.680  25.030  37.690  48.140  23.630  36.090  47.900  23.140  38.740
  51.720  23.120  39.860  51.140  23.080  38.710  53.060  23.140  37.830  53.550
  22.680  39.850  53.840  21.690  40.130  53.470  22.460  39.480  55.260  23.320
  38.910  55.620  22.420  40.420  55.810  21.170  38.710  55.570  20.090  39.080
  55.180  21.210  37.790  56.450  23.660  41.060  53.750  23.220  42.180  54.010
  24.930  40.710  53.640  25.140  39.730  53.530  25.980  41.650  53.320  25.780
  42.550  53.890  27.310  41.040  53.760  27.310  40.740  54.810  27.530  40.220
  53.080  28.110  41.780  53.740  25.870  42.290  51.820  26.700  43.180  51.480
  24.940  41.840  50.940  24.280  41.160  51.300  24.860  42.220  49.590  25.470
  43.080  49.330  25.390  41.030  48.850  24.860  40.120  49.120  25.240  41.310
  47.810  26.910  40.860  48.920  27.580  40.000  49.860  27.010  39.340  50.500
  28.940  39.970  49.940  29.440  39.340  50.660  29.750  40.650  49.020  31.090
  40.460  49.090  31.470  40.860  48.300  29.120  41.510  48.090  29.770  42.060
  47.420  27.740  41.620  47.950  27.370  42.250  47.150  23.460  42.590  49.040
  23.340  43.360  48.070  22.370  42.130  49.720  22.530  41.510  50.500  20.970
  42.330  49.320  20.940  41.960  48.290  19.940  41.540  50.140  19.070  41.360
  49.520  20.430  40.590  50.380  19.500  42.140  51.440  20.330  42.340  52.120
  18.890  43.020  51.260  18.570  41.100  52.140  17.820  40.830  51.400  19.170
  40.210  52.300  18.130  41.580  53.490  19.060  42.030  53.840  17.380  42.350
  53.350  17.780  40.450  54.370  18.600  39.850  54.390  17.590  40.920  55.240
  16.910  40.050  54.050  20.450  43.820  49.100  19.630  43.990  48.190  20.880
  44.930  49.800  20.580  45.820  49.440  21.740  44.920  51.000  21.900  43.890
  51.320  23.060  45.650  50.710  23.320  45.970  51.720  23.820  44.970  50.330
  22.930  46.890  49.830  22.000  47.720  49.890  23.890  47.140  48.990  23.900
  47.970  48.410  24.760  46.620  49.060  20.880  45.570  52.120  19.980  46.380
  51.940  21.350  45.450  53.370  22.110  44.800  53.490  20.670  45.970  54.570
  21.000  45.440  55.470  20.790  47.030  54.810  19.610  45.840  54.360
